1960 3.096937115
1961 3.067983326
1962 3.139053959
1963 3.243474556
1964 3.359831236
1965 3.438679199
1966 3.5375335
1967 3.576245299
1968 3.682560781
1969 3.822568584
1970 4.01349742
1971 4.07293134
1972 4.156682594
1973 4.296991398
1974 4.221749653
1975 4.118221411
1976 4.282544407
1977 4.340159514
1978 4.316283824
1979 4.478840995
1980 4.354591099
1981 4.146860748
1982 4.038091905
1983 3.950893473
1984 4.022255531
1985 4.071643011
1986 4.121746622
1987 4.149489117
1988 4.223788104
1989 4.2407169
1990 4.191083959
1991 4.170439787
1992 4.065770382
1993 3.999616059
1994 4.009303193
1995 4.034764136
1996 4.069275538
1997 4.080575768
1998 4.047881617
1999 3.984584121
2000 4.035568347
2001 4.078429641
2002 4.085983021
2003 4.2553001
2004 4.41144348
2005 4.525075938
2006 4.632640265
2007 4.66744408
2008 4.75795418
2009 4.657645641
2010 4.829611024
2011 4.969097104
2012 4.997729827
2013 4.98932047
2014 4.971571568